    1.4800         0   36.1000
    1.4800    0.0500   35.6000
    1.4800    0.1000   35.2000
    1.4800    0.1500   34.6000
    1.4800    0.2000   34.4000
    1.4800    0.2500   33.8000
    1.4800    0.3000   33.0000
    1.4800    0.3500   32.6000
    1.4800    0.4000   32.0000
    1.4800    0.4500   31.2000
    1.4800    0.5000   30.6000
    1.4800    0.5500   29.6000
    1.4800    0.6000   29.0000
    1.4800    0.6500   28.0000
    1.4800    0.7000   27.2000
    1.4800    0.7500   26.0000
    1.4800    0.8000   25.0000
    1.4800    0.8500   24.0000
    1.4800    0.9000   22.8000
    1.4800    0.9500   21.4000
    1.4800    1.0000   20.2000
    1.4800    1.0500   18.6000
    1.4800    1.1000   16.8000
    1.4800    1.1500   14.8000
    1.4800    1.2000   12.4000
    1.4000         0   32.0000
    1.4000    0.0500   31.8000
    1.4000    0.1000   31.4000
    1.4000    0.1500   31.0000
    1.4000    0.2000   30.6000
    1.4000    0.2500   30.0000
    1.4000    0.3000   29.4000
    1.4000    0.3500   28.8000
    1.4000    0.4000   28.2000
    1.4000    0.4500   27.6000
    1.4000    0.5000   26.8000
    1.4000    0.5500   26.0000
    1.4000    0.6000   25.2000
    1.4000    0.6500   24.4000
    1.4000    0.7000   23.4000
    1.4000    0.7500   22.2000
    1.4000    0.8000   21.2000
    1.4000    0.8500   20.0000
    1.4000    0.9000   18.8000
    1.4000    0.9500   17.4000
    1.4000    1.0000   15.6000
    1.4000    1.0500   14.0000
    1.4000    1.1000   12.0000
    1.3000         0   28.0000
    1.3000    0.0500   27.6000
    1.3000    0.1000   27.2000
    1.3000    0.1500   26.8000
    1.3000    0.2000   26.4000
    1.3000    0.2500   25.8000
    1.3000    0.3000   25.2000
    1.3000    0.3500   24.6000
    1.3000    0.4000   24.0000
    1.3000    0.4500   23.2000
    1.3000    0.5000   22.6000
    1.3000    0.5500   21.6000
    1.3000    0.6000   20.8000
    1.3000    0.6500   19.8000
    1.3000    0.7000   18.8000
    1.3000    0.7500   17.8000
    1.3000    0.8000   16.6000
    1.3000    0.8500   15.4000
    1.3000    0.9000   14.0000
    1.3000    0.9500   12.2000
    1.3000    1.0000   10.6000
    1.2000         0   23.8000
    1.2000    0.0500   23.4000
    1.2000    0.1000   23.0000
    1.2000    0.1500   22.4000
    1.2000    0.2000   22.0000
    1.2000    0.2500   21.4000
    1.2000    0.3000   20.8000
    1.2000    0.3500   20.2000
    1.2000    0.4000   19.6000
    1.2000    0.4500   19.0000
    1.2000    0.5000   18.2000
    1.2000    0.5500   17.4000
    1.2000    0.6000   16.6000
    1.2000    0.6500   15.6000
    1.2000    0.7000   14.6000
    1.2000    0.7500   13.4000
    1.2000    0.8000   12.2000
    1.2000    0.8500   11.2000
    1.2000    0.9000   10.0000
    1.2000    0.9500    8.2000
    1.1000         0   19.8000
    1.1000    0.0500   19.4000
    1.1000    0.1000   19.2000
    1.1000    0.1500   18.8000
    1.1000    0.2000   18.2000
    1.1000    0.2500   17.6000
    1.1000    0.3000   17.2000
    1.1000    0.3500   16.6000
    1.1000    0.4000   16.0000
    1.1000    0.4500   15.2000
    1.1000    0.5000   14.6000
    1.1000    0.5500   13.6000
    1.1000    0.6000   12.8000
    1.1000    0.6500   12.0000
    1.1000    0.7000   10.8000
    1.1000    0.7500    9.8000
    1.1000    0.8000    8.6000
    1.1000    0.8500    7.2000
    1.0000         0   16.4000
    1.0000    0.0500   16.0000
    1.0000    0.1000   15.6000
    1.0000    0.1500   15.2000
    1.0000    0.2000   14.8000
    1.0000    0.2500   14.4000
    1.0000    0.3000   14.0000
    1.0000    0.3500   13.2000
    1.0000    0.4000   12.8000
    1.0000    0.4500   12.0000
    1.0000    0.5000   11.2000
    1.0000    0.5500   10.4000
    1.0000    0.6000    9.6000
    1.0000    0.6500    8.8000
    1.0000    0.7000    7.4000
    1.0000    0.7500    6.2000
    1.0000    0.8000    5.2000
    0.9000         0   13.2000
    0.9000    0.0500   12.8000
    0.9000    0.1000   12.4000
    0.9000    0.1500   12.0000
    0.9000    0.2000   11.6000
    0.9000    0.2500   11.2000
    0.9000    0.3000   10.8000
    0.9000    0.3500   10.2000
    0.9000    0.4000    9.8000
    0.9000    0.4500    9.0000
    0.9000    0.5000    8.2000
    0.9000    0.5500    7.4000
    0.9000    0.6000    6.6000
    0.9000    0.6500    5.6000
    0.9000    0.7000    4.6000]